100 41.326191 90.029173 82.393421 159.112925 21.236318 40.074592 118.415961 145.486853 85.614524 45.361013 117.029934 150.120428 167.712037 -117.603281 130.011701 7.545048 98.334069 22.651695 138.232681 156.846899 136.570456 137.527627 4.732195 142.758732 156.038868 -5.533562 65.180765 146.549156 148.492825 154.148342 57.509556 21.866058 76.224557 145.896209 13.026025 103.454107 -18.017843 137.435218 80.988002 109.625599 14.843273 30.064978 91.793069 14.602352 153.661491 53.851812 28.140632 84.042602 82.496739 -1.579645 72.936542 -51.114236 -141.941214 83.661969 25.920011 130.027123 84.121638 97.094008 108.623321 64.661505 83.289391 -1.820081 92.520795 165.507180 150.069360 111.540052 101.008329 0.134244 81.022312 14.043372 115.753075 101.858817 50.101582 39.593185 122.454400 35.810114 99.438229 -156.588264 125.845948 13.982010 161.001851 30.829532 71.089478 134.990107 120.484733 103.002720 97.064272 36.653413 32.143769 37.734635 107.308149 121.426392 41.907786 31.875986 118.980614 24.024187 149.409269 52.035985 30.151663 62.478623 
1 0 0
2 0 0
10 33
1 14 27
3 99 1
11 80
2 6 77
1 8 31
2 9 44
1 4 59
3 49 18
1 149 9
10 1
2 64 7
2 91 54
3 70 80
11 67
10 65
11 24
10 44
10 92
11 2
2 60 75
1 68 13
1 24 17
11 111
3 -1 100
3 5 5
10 76
11 4
2 36 72
3 8 31
3 9 44
0
